System Stiffness Matrix [K_g]
 1.737500e+05     2.587341e+04     0.000000e+00     0.000000e+00    -9.375000e+04     5.412659e+04    -8.000000e+04    -8.000000e+04    
 2.587341e+04     3.112500e+05     0.000000e+00    -2.000000e+05     5.412659e+04    -3.125000e+04    -8.000000e+04    -8.000000e+04    
 0.000000e+00     0.000000e+00     0.000000e+00     0.000000e+00     0.000000e+00     0.000000e+00     0.000000e+00     0.000000e+00    
 0.000000e+00    -2.000000e+05     0.000000e+00     2.000000e+05     0.000000e+00     0.000000e+00     0.000000e+00     0.000000e+00    
-9.375000e+04     5.412659e+04     0.000000e+00     0.000000e+00     9.375000e+04    -5.412659e+04     0.000000e+00     0.000000e+00    
 5.412659e+04    -3.125000e+04     0.000000e+00     0.000000e+00    -5.412659e+04     3.125000e+04     0.000000e+00     0.000000e+00    
-8.000000e+04    -8.000000e+04     0.000000e+00     0.000000e+00     0.000000e+00     0.000000e+00     8.000000e+04     8.000000e+04    
-8.000000e+04    -8.000000e+04     0.000000e+00     0.000000e+00     0.000000e+00     0.000000e+00     8.000000e+04     8.000000e+04    

Nodal Displacement Vector {d}
-4.044421e-01
-6.994764e-02
 0.000000e+00
 0.000000e+00
 0.000000e+00
 0.000000e+00
 0.000000e+00
 0.000000e+00

Member Forces
 1.398953e+04    Compressive
 3.941041e+04    Compressive
-5.367107e+04    Tensile
